#Temperature|  Modulus      | Loss Modulus    | Tan Delta
-77.7       |2.553E+08      |2.043E+07        |0.079             
-76.5       |2.392E+08      |3.250E+07        |0.1359              
-75.1       |2.330E+08      |3.514E+07        |0.1508              
-74.0       |2.324E+08      |3.252E+07        |0.1399              
-72.8       |2.331E+08      |3.121E+07        |0.1339              
-71.9       |2.335E+08      |3.015E+07        |0.1291              
-70.8       |2.338E+08      |2.913E+07        |0.1246              
-69.8       |2.343E+08      |2.872E+07        |0.1226              
-68.9       |2.341E+08      |2.791E+07        |0.1192              
-67.8       |2.341E+08      |2.723E+07        |0.1163              
-66.8       |2.345E+08      |2.671E+07        |0.1139              
-65.8       |2.346E+08      |2.650E+07        |0.1129              
-64.9       |2.345E+08      |2.597E+07        |0.1107              
-64.0       |2.345E+08      |2.574E+07        |0.1097              
-63.3       |2.343E+08      |2.548E+07        |0.1087              
-62.4       |2.341E+08      |2.503E+07        |0.1069              
-61.7       |2.342E+08      |2.489E+07        |0.1063              
-60.9       |2.339E+08      |2.437E+07        |0.1042              
-60.0       |2.342E+08      |2.447E+07        |0.1045              
-59.3       |2.342E+08      |2.430E+07        |0.1038              
-58.5       |2.341E+08      |2.413E+07        |0.1030              
-57.8       |2.339E+08      |2.389E+07        |0.1021              
-57.0       |2.339E+08      |2.396E+07        |0.1024              
-56.5       |2.337E+08      |2.368E+07        |0.1013              
-55.7       |2.337E+08      |2.357E+07        |0.1009              
-55.1       |2.334E+08      |2.339E+07        |0.1002              
-54.5       |2.332E+08      |2.331E+07        |0.0999              
-53.8       |2.329E+08      |2.327E+07        |0.0999              
-53.2       |2.331E+08      |2.309E+07        |0.0991              
-52.6       |2.331E+08      |2.296E+07        |0.0985              
-51.9       |2.330E+08      |2.291E+07        |0.0983              
-51.4       |2.328E+08      |2.276E+07        |0.0977              
-50.7       |2.327E+08      |2.262E+07        |0.0972              
-50.1       |2.325E+08      |2.282E+07        |0.0982              
-49.5       |2.324E+08      |2.264E+07        |0.0974              
-48.9       |2.324E+08      |2.262E+07        |0.0973              
-48.3       |2.323E+08      |2.261E+07        |0.0974              
-47.8       |2.323E+08      |2.248E+07        |0.0968              
-47.2       |2.321E+08      |2.250E+07        |0.0969              
-46.6       |2.317E+08      |2.248E+07        |0.0970              
-46.0       |2.318E+08      |2.244E+07        |0.0968              
-45.4       |2.317E+08      |2.240E+07        |0.0967              
-45.1       |2.316E+08      |2.238E+07        |0.0966              
-44.6       |2.314E+08      |2.231E+07        |0.0964              
-44.1       |2.310E+08      |2.225E+07        |0.0963              
-43.7       |2.307E+08      |2.216E+07        |0.0960              
-43.2       |2.308E+08      |2.203E+07        |0.0955              
-42.8       |2.307E+08      |2.209E+07        |0.0958              
-42.2       |2.305E+08      |2.199E+07        |0.0954              
-41.8       |2.305E+08      |2.216E+07        |0.0962              
-41.3       |2.303E+08      |2.200E+07        |0.0956              
-40.7       |2.302E+08      |2.212E+07        |0.0961              
-40.3       |2.299E+08      |2.203E+07        |0.0958              
-39.8       |2.298E+08      |2.203E+07        |0.0959              
-39.3       |2.297E+08      |2.198E+07        |0.0957              
-38.9       |2.296E+08      |2.202E+07        |0.0959              
-38.6       |2.294E+08      |2.200E+07        |0.0959              
-38.1       |2.293E+08      |2.192E+07        |0.0956              
-37.7       |2.293E+08      |2.195E+07        |0.0957              
-37.3       |2.292E+08      |2.187E+07        |0.0954              
-36.9       |2.290E+08      |2.192E+07        |0.0957              
-36.4       |2.289E+08      |2.178E+07        |0.0951              
-36.0       |2.289E+08      |2.187E+07        |0.0955              
-35.5       |2.289E+08      |2.188E+07        |0.0956              
-35.2       |2.288E+08      |2.191E+07        |0.0958              
-34.8       |2.289E+08      |2.185E+07        |0.0955              
-34.4       |2.287E+08      |2.177E+07        |0.0952              
-33.9       |2.288E+08      |2.195E+07        |0.0959              
-33.6       |2.286E+08      |2.181E+07        |0.0954              
-33.2       |2.286E+08      |2.191E+07        |0.0958              
-32.9       |2.286E+08      |2.185E+07        |0.0956              
-32.5       |2.285E+08      |2.195E+07        |0.0960              
-32.2       |2.286E+08      |2.186E+07        |0.0957              
-31.8       |2.285E+08      |2.183E+07        |0.0956              
-31.5       |2.285E+08      |2.181E+07        |0.0955              
-31.1       |2.283E+08      |2.175E+07        |0.0952              
-30.7       |2.284E+08      |2.184E+07        |0.0956              
-30.3       |2.282E+08      |2.169E+07        |0.0950              
-29.9       |2.283E+08      |2.168E+07        |0.0949              
-29.6       |2.283E+08      |2.162E+07        |0.0947              
-29.4       |2.283E+08      |2.154E+07        |0.0943              
-28.8       |2.286E+08      |2.164E+07        |0.0946              
-27.6       |2.286E+08      |2.165E+07        |0.0947              
-25.9       |2.286E+08      |2.151E+07        |0.0941              
-24.3       |2.284E+08      |2.128E+07        |0.0932              
-23.0       |2.286E+08      |2.113E+07        |0.0924              
-22.1       |2.287E+08      |2.100E+07        |0.0918              
-21.8       |2.287E+08      |2.093E+07        |0.0915              
-21.2       |2.290E+08      |2.087E+07        |0.0912              
-20.1       |2.289E+08      |2.081E+07        |0.0909              
-18.5       |2.289E+08      |2.074E+07        |0.0906              
-17.1       |2.286E+08      |2.042E+07        |0.0893              
-16.3       |2.286E+08      |2.039E+07        |0.0892              
-15.7       |2.288E+08      |2.031E+07        |0.0888              
-15.1       |2.287E+08      |2.030E+07        |0.0888              
-14.1       |2.286E+08      |2.022E+07        |0.0884              
-13.0       |2.286E+08      |2.032E+07        |0.0889              
-11.7       |2.286E+08      |2.033E+07        |0.0889              
-10.7       |2.282E+08      |2.023E+07        |0.0887              
-10.0       |2.280E+08      |2.033E+07        |0.0892              
-9.4        |2.280E+08      |2.018E+07        |0.0885              
-8.7        |2.279E+08      |2.022E+07        |0.0887              
-7.7        |2.276E+08      |2.040E+07        |0.0896              
-6.8        |2.272E+08      |2.033E+07        |0.0895              
-6.0        |2.269E+08      |2.052E+07        |0.0904              
-5.3        |2.264E+08      |2.062E+07        |0.0911              
-4.6        |2.260E+08      |2.077E+07        |0.0919              
-3.6        |2.251E+08      |2.085E+07        |0.0926              
-2.8        |2.243E+08      |2.120E+07        |0.0945              
-1.9        |2.235E+08      |2.137E+07        |0.0956              
-1.2        |2.225E+08      |2.157E+07        |0.0969              
-0.4        |2.213E+08      |2.190E+07        |0.0990              
0.4         |2.198E+08      |2.219E+07        |0.1010              
1.2         |2.182E+08      |2.256E+07        |0.1034              
1.8         |2.165E+08      |2.292E+07        |0.1059              
2.5         |2.144E+08      |2.332E+07        |0.1088              
3.3         |2.120E+08      |2.355E+07        |0.1111              
4.1         |2.094E+08      |2.400E+07        |0.1146              
4.8         |2.066E+08      |2.422E+07        |0.1172              
5.4         |2.042E+08      |2.438E+07        |0.1194              
6.0         |2.011E+08      |2.453E+07        |0.1220              
6.7         |1.975E+08      |2.476E+07        |0.1254              
7.4         |1.937E+08      |2.473E+07        |0.1277              
8.2         |1.894E+08      |2.472E+07        |0.1305              
9.1         |1.844E+08      |2.469E+07        |0.1339              
9.8         |1.800E+08      |2.444E+07        |0.1358              
10.5        |1.758E+08      |2.419E+07        |0.1376              
11.2        |1.718E+08      |2.399E+07        |0.1396              
11.9        |1.672E+08      |2.360E+07        |0.1412              
12.7        |1.624E+08      |2.312E+07        |0.1423              
13.3        |1.586E+08      |2.257E+07        |0.1423              
14.1        |1.544E+08      |2.205E+07        |0.1428              
14.8        |1.506E+08      |2.144E+07        |0.1424              
15.5        |1.466E+08      |2.086E+07        |0.1423              
16.2        |1.428E+08      |2.021E+07        |0.1415              
16.8        |1.394E+08      |1.954E+07        |0.1401              
17.5        |1.361E+08      |1.893E+07        |0.1391              
18.2        |1.320E+08      |1.823E+07        |0.1381              
18.9        |1.289E+08      |1.756E+07        |0.1363              
19.6        |1.257E+08      |1.681E+07        |0.1338              
20.4        |1.229E+08      |1.626E+07        |0.1323              
21.1        |1.203E+08      |1.571E+07        |0.1306              
21.7        |1.178E+08      |1.523E+07        |0.1292              
22.3        |1.157E+08      |1.472E+07        |0.1272              
23.0        |1.130E+08      |1.414E+07        |0.1251              
23.8        |1.106E+08      |1.351E+07        |0.1222              
24.5        |1.085E+08      |1.301E+07        |0.1199              
25.4        |1.061E+08      |1.249E+07        |0.1178              
26.0        |1.043E+08      |1.209E+07        |0.1159              
26.7        |1.024E+08      |1.163E+07        |0.1136              
27.4        |1.006E+08      |1.122E+07        |0.1115              
28.2        |9.886E+07      |1.077E+07        |0.1089              
28.9        |9.737E+07      |1.044E+07        |0.1072              
29.6        |9.606E+07      |1.014E+07        |0.1055              
30.3        |9.465E+07      |9.849E+06        |0.1041              
30.9        |9.333E+07      |9.508E+06        |0.1019              
31.6        |9.200E+07      |9.208E+06        |0.1001              
32.1        |9.084E+07      |8.918E+06        |0.0982              
33.0        |8.956E+07      |8.620E+06        |0.0962              
33.6        |8.851E+07      |8.354E+06        |0.0944              
34.2        |8.748E+07      |8.119E+06        |0.0928              
35.1        |8.616E+07      |7.790E+06        |0.0904              
35.9        |8.517E+07      |7.598E+06        |0.0892              
36.6        |8.425E+07      |7.276E+06        |0.0864              
37.3        |8.334E+07      |7.090E+06        |0.0851              
37.7        |8.255E+07      |6.908E+06        |0.0837              
38.3        |8.171E+07      |6.673E+06        |0.0817              
39.3        |8.071E+07      |6.441E+06        |0.0798              
39.9        |7.996E+07      |6.264E+06        |0.0783              
40.8        |7.896E+07      |6.032E+06        |0.0764              
41.5        |7.810E+07      |5.840E+06        |0.0748              
42.1        |7.729E+07      |5.666E+06        |0.0733              
42.8        |7.656E+07      |5.439E+06        |0.0710              
43.5        |7.578E+07      |5.293E+06        |0.0698              
44.3        |7.489E+07      |5.162E+06        |0.0689              
44.9        |7.401E+07      |5.003E+06        |0.0676              
45.7        |7.321E+07      |4.861E+06        |0.0664              
46.3        |7.240E+07      |4.724E+06        |0.0652              
46.9        |7.163E+07      |4.615E+06        |0.0644              
47.6        |7.071E+07      |4.483E+06        |0.0634              
48.4        |6.982E+07      |4.369E+06        |0.0626              
49.0        |6.889E+07      |4.266E+06        |0.0619              
49.7        |6.796E+07      |4.180E+06        |0.0615              
50.3        |6.705E+07      |4.080E+06        |0.0608              
51.0        |6.608E+07      |3.992E+06        |0.0604              
51.7        |6.511E+07      |3.904E+06        |0.0600              
52.4        |6.408E+07      |3.794E+06        |0.0592              
53.1        |6.299E+07      |3.730E+06        |0.0592              
53.8        |6.200E+07      |3.687E+06        |0.0595              
54.6        |6.089E+07      |3.615E+06        |0.0594              
55.4        |5.967E+07      |3.551E+06        |0.0595              
56.0        |5.870E+07      |3.473E+06        |0.0592              
56.8        |5.766E+07      |3.445E+06        |0.0597              
57.3        |5.675E+07      |3.367E+06        |0.0593              
57.9        |5.582E+07      |3.374E+06        |0.0604              
58.6        |5.498E+07      |3.357E+06        |0.0611              
59.5        |5.390E+07      |3.290E+06        |0.0610              
60.3        |5.269E+07      |3.260E+06        |0.0619              
61.2        |5.167E+07      |3.187E+06        |0.0617              
61.7        |5.096E+07      |3.155E+06        |0.0619              
62.3        |5.034E+07      |3.168E+06        |0.0629              
62.7        |4.970E+07      |3.118E+06        |0.0627              
63.5        |4.899E+07      |3.073E+06        |0.0627              
64.3        |4.823E+07      |3.078E+06        |0.0638              
65.1        |4.736E+07      |3.039E+06        |0.0642              
65.6        |4.669E+07      |3.026E+06        |0.0648              
66.4        |4.607E+07      |2.977E+06        |0.0646              
67.1        |4.550E+07      |2.971E+06        |0.0653              
67.7        |4.495E+07      |2.947E+06        |0.0656              
68.3        |4.434E+07      |2.943E+06        |0.0664              
69.0        |4.369E+07      |2.930E+06        |0.0671              