#Temperature   |Modulus       |Loss Modulus    |Tan Delta   
-80.9          |2.560E+08     |9.050E+06       |0.0353           
-80.0          |2.543E+08     |8.290E+06       |0.0326           
-78.8          |2.563E+08     |8.219E+06       |0.0321           
-77.5          |2.519E+08     |8.138E+06       |0.0323           
-76.4          |2.505E+08     |7.976E+06       |0.0318           
-75.0          |2.536E+08     |7.960E+06       |0.0314           
-73.4          |2.495E+08     |7.705E+06       |0.0309           
-72.1          |2.483E+08     |7.365E+06       |0.0297           
-71.0          |2.485E+08     |7.676E+06       |0.0309           
-69.6          |2.494E+08     |7.697E+06       |0.0309           
-68.3          |2.488E+08     |7.632E+06       |0.0307           
-67.0          |2.483E+08     |7.522E+06       |0.0303           
-66.0          |2.487E+08     |7.758E+06       |0.0312           
-65.0          |2.482E+08     |7.566E+06       |0.0305           
-63.7          |2.469E+08     |7.553E+06       |0.0306           
-62.4          |2.469E+08     |7.450E+06       |0.0302           
-61.2          |2.465E+08     |7.625E+06       |0.0309           
-60.1          |2.460E+08     |7.605E+06       |0.0309           
-59.0          |2.455E+08     |7.231E+06       |0.0295           
-57.9          |2.458E+08     |7.547E+06       |0.0307           
-56.8          |2.450E+08     |7.385E+06       |0.0301           
-55.8          |2.446E+08     |7.286E+06       |0.0298           
-54.8          |2.442E+08     |7.461E+06       |0.0306           
-53.8          |2.439E+08     |7.544E+06       |0.0309           
-52.9          |2.431E+08     |7.349E+06       |0.0302           
-51.9          |2.450E+08     |7.356E+06       |0.0300           
-51.0          |2.428E+08     |7.377E+06       |0.0304           
-50.2          |2.449E+08     |7.464E+06       |0.0305           
-49.3          |2.434E+08     |7.842E+06       |0.0322           
-48.5          |2.421E+08     |7.450E+06       |0.0308           
-47.6          |2.420E+08     |7.734E+06       |0.0320           
-46.9          |2.419E+08     |7.743E+06       |0.0320           
-46.1          |2.416E+08     |7.892E+06       |0.0327           
-45.4          |2.427E+08     |7.659E+06       |0.0316           
-44.7          |2.427E+08     |7.661E+06       |0.0316           
-43.9          |2.414E+08     |7.777E+06       |0.0322           
-43.1          |2.408E+08     |7.789E+06       |0.0323           
-42.5          |2.402E+08     |7.794E+06       |0.0325           
-41.8          |2.405E+08     |7.967E+06       |0.0331           
-41.1          |2.400E+08     |8.016E+06       |0.0334           
-40.4          |2.414E+08     |7.967E+06       |0.0330           
-39.8          |2.402E+08     |8.307E+06       |0.0346           
-39.1          |2.397E+08     |8.441E+06       |0.0352           
-38.5          |2.409E+08     |8.053E+06       |0.0334           
-38.0          |2.409E+08     |8.236E+06       |0.0342           
-37.4          |2.408E+08     |8.228E+06       |0.0342           
-36.7          |2.403E+08     |8.749E+06       |0.0364           
-36.1          |2.406E+08     |8.228E+06       |0.0342           
-35.5          |2.405E+08     |8.481E+06       |0.0353           
-35.0          |2.404E+08     |8.327E+06       |0.0346           
-34.4          |2.409E+08     |9.097E+06       |0.0378           
-33.9          |2.404E+08     |8.472E+06       |0.0352           
-33.3          |2.398E+08     |8.860E+06       |0.0369           
-32.7          |2.404E+08     |8.706E+06       |0.0362           
-32.1          |2.405E+08     |8.913E+06       |0.0371           
-31.6          |2.401E+08     |8.900E+06       |0.0371           
-31.1          |2.400E+08     |9.039E+06       |0.0377           
-30.6          |2.399E+08     |9.329E+06       |0.0389           
-30.1          |2.410E+08     |9.283E+06       |0.0385           
-29.6          |2.401E+08     |9.240E+06       |0.0385           
-29.3          |2.384E+08     |9.360E+06       |0.0393           
-28.8          |2.394E+08     |9.175E+06       |0.0383           
-28.3          |2.380E+08     |9.511E+06       |0.0400           
-27.9          |2.380E+08     |9.581E+06       |0.0403           
-27.4          |2.379E+08     |9.452E+06       |0.0397           
-26.9          |2.378E+08     |9.491E+06       |0.0399           
-26.5          |2.389E+08     |9.503E+06       |0.0398           
-26.0          |2.385E+08     |9.790E+06       |0.0410           
-25.6          |2.374E+08     |9.411E+06       |0.0396           
-25.2          |2.374E+08     |9.781E+06       |0.0412           
-24.7          |2.382E+08     |9.710E+06       |0.0408           
-24.3          |2.369E+08     |9.898E+06       |0.0418           
-23.9          |2.376E+08     |9.840E+06       |0.0414           
-23.5          |2.370E+08     |9.721E+06       |0.0410           
-23.1          |2.366E+08     |9.824E+06       |0.0415           
-22.7          |2.374E+08     |1.017E+07       |0.0428           
-22.4          |2.373E+08     |1.008E+07       |0.0425           
-22.0          |2.373E+08     |1.015E+07       |0.0428           
-21.6          |2.377E+08     |1.020E+07       |0.0429           
-21.2          |2.373E+08     |1.043E+07       |0.0440           
-21.0          |2.360E+08     |1.017E+07       |0.0431           
-20.5          |2.363E+08     |1.035E+07       |0.0438           
-20.2          |2.360E+08     |1.012E+07       |0.0429           
-19.8          |2.355E+08     |1.048E+07       |0.0445           
-19.5          |2.356E+08     |1.039E+07       |0.0441           
-19.2          |2.356E+08     |1.062E+07       |0.0451           
-18.7          |2.347E+08     |1.040E+07       |0.0443           
-18.4          |2.348E+08     |1.050E+07       |0.0447           
-18.1          |2.346E+08     |1.070E+07       |0.0456           
-17.8          |2.337E+08     |1.054E+07       |0.0451           
-17.4          |2.345E+08     |1.064E+07       |0.0454           
-17.2          |2.337E+08     |1.064E+07       |0.0455           
-16.9          |2.336E+08     |1.090E+07       |0.0467           
-16.6          |2.331E+08     |1.070E+07       |0.0459           
-16.2          |2.336E+08     |1.080E+07       |0.0462           
-15.9          |2.330E+08     |1.094E+07       |0.0470           
-15.6          |2.332E+08     |1.090E+07       |0.0467           
-15.3          |2.330E+08     |1.102E+07       |0.0473           
-15.0          |2.324E+08     |1.126E+07       |0.0484           
-14.7          |2.326E+08     |1.119E+07       |0.0481           
-14.4          |2.323E+08     |1.124E+07       |0.0484           
-14.1          |2.320E+08     |1.122E+07       |0.0484           
-13.8          |2.318E+08     |1.115E+07       |0.0481           
-13.6          |2.316E+08     |1.130E+07       |0.0488           
-13.3          |2.315E+08     |1.149E+07       |0.0496           
-13.0          |2.309E+08     |1.151E+07       |0.0499           
-12.5          |2.305E+08     |1.159E+07       |0.0503           
-11.2          |2.296E+08     |1.184E+07       |0.0516           
-9.4           |2.283E+08     |1.218E+07       |0.0534           
-7.9           |2.269E+08     |1.260E+07       |0.0555           
-6.6           |2.257E+08     |1.294E+07       |0.0573           
-5.9           |2.252E+08     |1.324E+07       |0.0588           
-5.3           |2.249E+08     |1.366E+07       |0.0607           
-4.4           |2.229E+08     |1.415E+07       |0.0635           
-3.2           |2.207E+08     |1.464E+07       |0.0663           
-1.9           |2.181E+08     |1.570E+07       |0.0720           
-0.6           |2.149E+08     |1.663E+07       |0.0774           
0.4            |2.127E+08     |1.743E+07       |0.0819           
1.1            |2.109E+08     |1.794E+07       |0.0851           
1.7            |2.085E+08     |1.863E+07       |0.0894           
2.3            |2.053E+08     |1.933E+07       |0.0942           
3.3            |2.008E+08     |2.025E+07       |0.1008           
4.3            |1.960E+08     |2.110E+07       |0.1077           
5.3            |1.914E+08     |2.191E+07       |0.1145           
6.3            |1.866E+08     |2.233E+07       |0.1197           
7.1            |1.826E+08     |2.276E+07       |0.1246           
7.8            |1.777E+08     |2.300E+07       |0.1294           
8.5            |1.731E+08     |2.324E+07       |0.1342           
9.3            |1.682E+08     |2.305E+07       |0.1371               
10.2           |1.620E+08     |2.276E+07       |0.1405           
11.2           |1.564E+08     |2.241E+07       |0.1433           
12.1           |1.514E+08     |2.194E+07       |0.1449           
12.9           |1.475E+08     |2.149E+07       |0.1457           
13.5           |1.440E+08     |2.112E+07       |0.1466           
14.1           |1.403E+08     |2.060E+07       |0.1468           
14.8           |1.362E+08     |1.994E+07       |0.1464           
15.8           |1.313E+08     |1.902E+07       |0.1448           
16.6           |1.272E+08     |1.812E+07       |0.1424           
17.5           |1.236E+08     |1.747E+07       |0.1413           
18.2           |1.203E+08     |1.677E+07       |0.1394           
18.9           |1.175E+08     |1.625E+07       |0.1383           
19.5           |1.148E+08     |1.567E+07       |0.1365           
20.3           |1.117E+08     |1.503E+07       |0.1346           
21.2           |1.088E+08     |1.431E+07       |0.1315           
22.0           |1.060E+08     |1.364E+07       |0.1287           
22.7           |1.038E+08     |1.315E+07       |0.1267           
23.5           |1.015E+08     |1.264E+07       |0.1246           
24.3           |9.930E+07     |1.211E+07       |0.1220           
25.0           |9.728E+07     |1.158E+07       |0.1191           
25.7           |9.538E+07     |1.113E+07       |0.1167           
26.5           |9.354E+07     |1.068E+07       |0.1141           
27.3           |9.178E+07     |1.023E+07       |0.1114           
28.1           |9.007E+07     |9.814E+06       |0.1090           
28.9           |8.859E+07     |9.486E+06       |0.1071           
29.6           |8.715E+07     |9.138E+06       |0.1048           
30.3           |8.581E+07     |8.785E+06       |0.1024           
31.0           |8.473E+07     |8.548E+06       |0.1009           
31.6           |8.362E+07     |8.285E+06       |0.0991           
32.4           |8.240E+07     |7.977E+06       |0.0968           
33.2           |8.100E+07     |7.623E+06       |0.0941           
34.0           |7.988E+07     |7.366E+06       |0.0922           
34.8           |7.896E+07     |7.127E+06       |0.0903           
35.3           |7.813E+07     |6.966E+06       |0.0892           
36.0           |7.714E+07     |6.723E+06       |0.0872           
36.8           |7.629E+07     |6.454E+06       |0.0846           
37.5           |7.538E+07     |6.279E+06       |0.0833           
38.1           |7.466E+07     |6.092E+06       |0.0816           
38.8           |7.389E+07     |5.923E+06       |0.0802           
39.6           |7.300E+07     |5.701E+06       |0.0781           
40.4           |7.212E+07     |5.566E+06       |0.0772           
41.1           |7.137E+07     |5.360E+06       |0.0751           
41.7           |7.058E+07     |5.249E+06       |0.0744           
42.3           |6.986E+07     |5.059E+06       |0.0724           
43.1           |6.896E+07     |4.926E+06       |0.0714           
43.9           |6.811E+07     |4.725E+06       |0.0694           
44.7           |6.726E+07     |4.616E+06       |0.0686           
45.4           |6.642E+07     |4.473E+06       |0.0673           
46.0           |6.556E+07     |4.375E+06       |0.0667           
46.6           |6.492E+07     |4.301E+06       |0.0662           
47.3           |6.400E+07     |4.178E+06       |0.0653           
48.0           |6.312E+07     |4.108E+06       |0.0651           
48.8           |6.224E+07     |4.023E+06       |0.0646           
49.5           |6.122E+07     |3.939E+06       |0.0643           
50.2           |6.020E+07     |3.782E+06       |0.0628           
51.0           |5.914E+07     |3.725E+06       |0.0630           
51.7           |5.820E+07     |3.642E+06       |0.0626           
52.3           |5.729E+07     |3.614E+06       |0.0631           
53.0           |5.635E+07     |3.540E+06       |0.0628           
53.6           |5.545E+07     |3.475E+06       |0.0627           
54.4           |5.436E+07     |3.404E+06       |0.0626           
55.2           |5.339E+07     |3.354E+06       |0.0628           
55.8           |5.261E+07     |3.305E+06       |0.0628           
56.4           |5.173E+07     |3.279E+06       |0.0634           
57.1           |5.088E+07     |3.224E+06       |0.0634           
57.7           |4.999E+07     |3.225E+06       |0.0645           
58.6           |4.917E+07     |3.169E+06       |0.0645           
59.3           |4.829E+07     |3.138E+06       |0.0650           
60.0           |4.744E+07     |3.078E+06       |0.0649           
60.8           |4.667E+07     |3.080E+06       |0.0660           
61.4           |4.589E+07     |3.033E+06       |0.0661           
62.2           |4.510E+07     |3.024E+06       |0.0670           
62.8           |4.452E+07     |3.003E+06       |0.0675           
63.4           |4.392E+07     |2.982E+06       |0.0679           
64.0           |4.323E+07     |2.934E+06       |0.0679           
64.8           |4.266E+07     |2.944E+06       |0.0690           
65.3           |4.202E+07     |2.925E+06       |0.0696           
66.1           |4.134E+07     |2.881E+06       |0.0697           
67.0           |4.070E+07     |2.885E+06       |0.0709           
67.7           |4.003E+07     |2.877E+06       |0.0719           